500.061039
618.171275
822.956723
999.969481
1158.365379
1302.722334
1436.397485
1561.527193
1679.332235
1791.338583
1897.851431
2000.091558
2098.058964
2192.669230
2283.922359
2372.428737
2457.883172
2541.201245
2622.688152
2701.733504
2778.947690
2854.025514
2927.882561
2999.908442
3070.713545
3140.297870
3208.051029
3274.888604
3340.505402
3405.206617
3468.687054
3530.946713
3592.595984
3653.329671
3712.842581
3772.050296
3830.037234
3887.413783
3944.179943
4000.030519
4055.270707
4109.595312
4163.614723
4217.023744
4269.517182
4322.010621
4373.283281
4424.555942
4474.913020
4499.938961
